10
1 1
1857 
21146 
3 7
92126 65367 71630 
74331 1146 69540 27606 57321 78937 98100 
10 9
34979 36951 5016 11566 77480 91401 7467 97824 91070 3041 
16385 84601 26944 77881 65996 79858 25356 35735 55535 
2 6
29405 44201 
92181 327 63587 49538 32233 44099 
10 4
75556 20884 24747 30275 28323 64958 25939 22416 69301 57201 
7157 87125 39754 16740 
5 1
23468 37021 81200 93978 26999 
35606 
5 4
65938 73637 34904 63099 89811 
65495 6980 33134 2306 
8 1
29012 7909 64320 76871 90663 54089 91618 97250 
83471 
10 3
12836 57460 77785 62629 64144 44769 21496 47474 57821 9457 
49544 96380 99277 
3 9
85627 21187 84312 
97935 32010 80344 85004 33311 63355 73460 97465 53159 
